-247.109 -32.485 292.727 -0.562852 2.36919 2.32572 51.0901 1.80653
-704.522 -565.053 884.036 -2.98096 -2.05739 -2.73061 5.43268 16.3594
116.443 -465.744 917.333 -2.94342 -2.57907 2.4337 70.9255 15.7192
-574.025 679.212 886.512 -0.58419 -2.50037 -1.4049 40.0359 16.8074
290.133 -202.406 -219.508 2.83544 -0.68079 0.406917 84.3095 15.646
523.112 275.005 687.172 -2.01901 1.0148 1.70548 58.6128 9.11204
409.503 -458.634 -420.879 -0.796945 -0.593258 1.63308 15.584 16.8635
178.055 349.238 724.449 1.10776 0.308857 -2.14371 49.0474 10.702
-447.612 -415.204 741.734 2.24431 1.35309 2.48681 89.4985 14.6867
-464.942 418.551 627.359 0.820967 1.81808 -1.52123 7.69092 0.547685
-226.91 -571.355 -992.55 -0.00602484 -0.0463367 0.881482 21.2298 12.2315
-570.784 -86.0264 368.887 -1.30812 -1.17713 1.91437 19.564 3.55818
42.3967 175.946 972.123 -1.50558 -2.65768 -2.13228 85.6028 18.147
711.681 292.405 498.086 1.2404 2.0921 2.71436 48.6755 2.33669
-367.232 789.335 150.742 2.0382 0.311739 -1.8839 1.89814 1.04334
-963.43 34.1039 -756.137 -1.94935 -2.83045 0.737628 18.6432 14.5111
-15.556 -680.537 621.842 0.623688 -1.04995 0.284172 45.611 18.611
-60.5705 -940.894 -695.233 2.01102 -2.3653 -0.997179 98.7577 8.87842
138.865 142.048 922.602 -2.30875 1.67176 0.342079 42.297 5.5548
863.834 659.805 -868.856 -0.426653 -1.4045 2.71769 9.38544 16.4112
-580.996 344.61 67.4255 -0.905074 -1.49008 -0.715486 27.3214 14.4385
-856.418 -769.816 -571.834 0.912408 -1.60966 -2.60649 58.3045 15.864
760.668 388.225 315.277 0.976695 -2.7416 2.00178 56.236 17.7131
-791.115 814.068 -976.963 2.91032 -2.89346 2.28646 97.8002 9.37881
523.697 569.22 -46.2469 -2.92739 2.107 -1.23425 45.262 17.5352
-536.655 195.322 -674.112 1.11699 0.985051 2.48819 28.925 2.05072
-465.27 698.5 -714.312 0.958317 0.524745 2.47276 0.499047 11.1865
405.828 -652.973 322.064 -1.62405 -0.317408 0.844567 34.0593 16.639
818.575 -117.609 980.714 1.80317 -2.30472 2.51548 23.6407 12.9161
-288.586 611.258 -133.803 -2.60189 -0.802392 -0.671797 44.5501 12.4011
-302.631 -712.647 774.044 -1.16408 1.18715 -1.23577 22.9051 0.145322
996.895 -351.396 -561.095 1.30505 2.29668 -0.686125 85.4455 2.47577
547.879 545.269 620.921 1.64051 0.0454001 2.689 58.97 2.83152
-964.73 937.188 859.752 1.87981 -0.149023 2.32161 69.9025 19.2067
-994.712 -657.561 -213.451 -0.372748 -0.657961 1.35011 69.5519 3.20346
-463.277 -482.4 811.028 -0.480824 -0.475669 -0.697455 19.8571 0.0267909
657.606 632.128 720.828 0.915843 0.457843 2.55749 83.6147 17.101
-962.606 904.376 420.416 -2.59772 -1.87982 0.817237 53.4502 6.4091
843.53 227.981 -179.201 1.05445 2.00651 -2.96483 56.5479 18.9926
-255.271 -338.742 42.6295 2.03788 -1.8138 -1.92957 10.6776 4.61362
630.34 -354.817 -961.724 -2.81938 -2.15875 -1.78203 93.419 17.003
-871.226 361.883 291.964 2.31542 -0.458292 -1.19094 75.7489 1.47285
-675.687 883.622 934.26 2.75409 -2.45344 -1.25228 14.5723 19.5609
-762.018 -145.953 911.227 0.706293 0.770985 0.056088 7.81862 3.12225
-955.062 -288.349 -459.48 -0.64838 0.803972 -1.20237 83.9084 15.7138
-410.847 -452.639 -992.402 1.45077 1.19311 0.753177 70.4601 1.46976
307.391 669.036 -944.798 1.05633 2.30125 -2.20234 65.6262 18.7867
389.951 803.833 954.447 -0.457068 -0.156408 1.04548 91.952 5.11224
-953.414 -106.501 -474.629 1.97625 -0.34479 -2.73674 29.0173 19.4926
-937.989 521.241 -708.223 -2.7275 -0.81346 1.79896 87.7419 2.14066
-397.239 -789.083 435.975 -2.96761 -1.5475 -0.412283 72.3084 18.0857
-384.811 955.59 -21.4837 2.46177 1.59028 -2.77041 5.55444 7.42565
-150.117 970.959 90.1276 -2.12319 2.52267 -2.94419 52.0338 4.1554
638.618 69.5067 -322.488 -2.22252 2.47177 -2.77401 13.9423 13.8397
191.475 -858.582 714.393 -0.458868 0.257421 -1.85514 90.6903 13.5922
-854.366 -945.043 -396.87 -2.64709 -0.408892 1.12284 46.4809 14.8892
-28.4976 -994.722 363.98 -1.78438 2.83664 -0.586138 76.7611 3.78379
326.863 -689.899 -592.119 -0.0894575 2.64936 -1.56372 9.08911 19.6032
-986.293 -672.294 127.171 -1.94541 -2.90355 0.24808 19.7658 7.90791
475.023 72.689 495.507 2.14079 -2.50607 2.84802 72.1772 10.2153
46.9695 76.22 -330.387 -2.73154 2.74725 -1.37961 76.6052 0.782756
-527.026 -566.129 117.111 -1.6417 2.1127 -1.55303 24.6522 7.83807
-437.515 282.516 422.942 -0.654488 -0.522017 -0.372201 5.43685 4.25659
644.215 -776.106 850.05 -1.54061 -2.50183 0.756525 75.5828 19.7098
-177.702 -475.371 846.406 -2.17142 1.80969 1.2725 10.9838 9.60439
119.127 837.719 513.742 -2.58788 1.13331 0.685133 89.7888 10.9296
-146.14 409.353 -295.164 1.77429 0.364193 -2.79708 99.5356 19.9442
-275.689 210.222 -74.5488 2.0363 2.36269 -0.137117 19.0597 17.398
-950.706 965.608 705.632 2.81043 -1.98732 2.16836 15.6865 0.715252
-406.104 -249.344 -264.204 0.00500011 1.59951 1.06205 41.9843 10.7525
974.306 -263.159 553.523 -1.005 -0.514627 -1.50121 12.6468 0.679982
-786.836 281.84 977.667 2.21402 -2.84562 1.04768 28.1358 13.3267
-434.087 -966.051 853.305 -1.29409 1.42725 -0.229714 8.73974 10.7082
-734.647 739.979 -294.043 0.447428 -2.36713 -1.78056 71.8393 4.97252
-618.853 -942.391 901.426 -1.89446 1.91706 -1.14131 81.6891 11.9945
-797.375 -468.617 823.574 0.0654559 0.72646 -1.0065 58.8651 18.5537
822.008 619.296 796.697 0.24659 2.32056 -1.93723 57.7822 8.70444
480.471 438.556 -312.182 2.79855 -0.139097 2.34508 71.2104 12.4583
-562.158 -25.9377 464.298 0.229611 -0.640514 2.07631 19.6017 14.8865
-841.942 -397.14 -315.502 -2.48114 2.21353 0.103722 8.62293 0.666597
873.419 -92.3239 589.845 -1.73289 1.67648 0.278981 73.253 5.84256
-477.163 976.482 137.735 1.11387 0.628979 1.53146 99.3898 16.5993
267.472 332.42 536.124 1.21311 -2.18281 2.46461 84.244 4.29109
-294.963 -479.937 -926.614 -0.469952 0.246464 0.599288 59.6585 9.7066
-773.804 -548.653 909.536 2.11836 1.5783 -2.02616 30.1274 12.9543
106.624 682.712 628.728 1.83866 -2.09788 0.961484 21.7475 2.57799
860.577 -378.786 942.338 2.51234 1.04406 1.69354 51.0216 4.65809
965.468 95.5105 993.562 -0.0721452 -1.89166 -1.28255 82.1217 17.109
12.5541 -366.091 -816.161 1.7766 -0.0625491 -0.364234 72.6825 18.6811
-406.476 55.1399 43.4398 -1.97906 1.00181 -2.89133 78.0634 0.395904
-966.384 -218.3 947.919 -1.71772 2.58922 -1.82351 54.7685 17.0682
508.659 -746.309 431.055 1.29584 2.29102 2.20519 14.0244 3.5599
24.0643 288.45 -515.236 -2.06628 0.284214 -0.84415 58.6906 3.48297
965.401 770.352 251.477 -2.28934 0.242787 2.12233 59.3033 11.249
127.45 -845.943 208.655 -0.218783 2.82764 -1.44015 3.78383 14.667
258.98 918.334 371.357 -0.627302 1.69472 -0.81887 15.1371 8.56865
572.991 417.337 -579.724 -2.99005 2.18197 -0.202929 80.4216 10.8162
390.027 -158.709 328.472 1.92797 -1.43942 1.85663 72.0071 18.4536
-235.847 455.025 -218.004 -1.96647 1.6445 1.41389 98.1979 1.91846
353.518 857.697 618.332 2.7536 1.56703 2.52179 76.0382 7.23269
